iter_cnt= 100
span= 210.044308

iter_n= 100
span= 205.398267591
